%YAML:1.0
---
camera_matrix: !!opencv-matrix
   rows: 3
   cols: 3
   dt: d
   data: [ 928.73542822215234, 0., 747.47333100351022, 0.,
       962.5520471745923, 441.5582645362071, 0., 0., 1. ]
distortion_coefficients: !!opencv-matrix
   rows: 1
   cols: 5
   dt: d
   data: [ -0.41161989518660952, 1.8165207791382711,
       -0.0022690645129028165, 0.014268980244833123, -3.1119668539079899 ]
avg_reprojection_error: 0.62159986433592462
